# Loss list of BiTeI per batch 
 0.6987563371658325
 0.6777212023735046
 0.7064822912216187
 0.6915966868400574
 0.7012677192687988
 0.7180671691894531
 0.699984073638916
 0.6972988843917847
 0.7094851136207581
 0.7008492946624756
 0.7003504037857056
 0.7016842365264893
 0.6843628883361816
 0.7024639248847961
 0.6921111345291138
 0.6934334635734558
 0.6903520226478577
 0.6975016593933105
 0.7033399939537048
 0.6850650906562805
 0.6937405467033386
 0.6886268854141235
 0.6851558685302734
 0.7074314951896667
 0.6914195418357849
 0.7024654150009155
 0.6743625402450562
 0.6855817437171936
 0.7070242166519165
 0.6917038559913635
 0.6859992742538452
 0.6930234432220459
 0.691643238067627
 0.6927820444107056
 0.6905587911605835
 0.6904785633087158
 0.7012729048728943
 0.6863896250724792
 0.6899229288101196
 0.6932432651519775
 0.691255509853363
 0.6832292079925537
 0.6928918957710266
 0.7003263235092163
 0.6949100494384766
 0.7014209628105164
 0.6780068278312683
 0.6931629776954651
 0.6873909831047058
 0.667161226272583
 0.6814586520195007
 0.6986380815505981
 0.6699938178062439
 0.6727963089942932
 0.6623380184173584
 0.6880084872245789
 0.6775602698326111
 0.6514281630516052
 0.7006934285163879
 0.6818788647651672
 0.6729997396469116
 0.6908504962921143
 0.6805147528648376
 0.6551955342292786
 0.687592625617981
 0.6764351725578308
 0.693531334400177
 0.6698986887931824
 0.6619289517402649
 0.6787022948265076
 0.6871975064277649
 0.7137176990509033
 0.6754472851753235
 0.7001549601554871
 0.6692423224449158
 0.696858286857605
 0.6697942614555359
 0.6765259504318237
 0.6726458668708801
 0.6818577647209167
 0.6760724782943726
 0.6918530464172363
 0.678090512752533
 0.6958253979682922
 0.6722416877746582
 0.6739764213562012
 0.6705237030982971
 0.6843149662017822
 0.6690208315849304
 0.6594336628913879
 0.6811405420303345
 0.6649570465087891
 0.6585445404052734
 0.6472126841545105
 0.7109322547912598
 0.6912996172904968
 0.6341539025306702
 0.6705470085144043
 0.6749362945556641
 0.6515071988105774
 0.6683399677276611
 0.6581143140792847
 0.7040991187095642
 0.6551265716552734
 0.652275800704956
 0.6793700456619263
 0.6492423415184021
 0.6836444139480591
 0.6717910766601562
 0.6779020428657532
 0.6555705070495605
 0.6460219621658325
 0.6669324636459351
 0.6754506826400757
 0.6466692090034485
 0.6819130182266235
 0.656298041343689
 0.6699360013008118
 0.662912130355835
 0.6978471279144287
 0.6623013019561768
 0.6464603543281555
 0.674283504486084
 0.6618533134460449
 0.6725099682807922
 0.6693545579910278
 0.6691150665283203
 0.6688662767410278
 0.657947838306427
 0.6612624526023865
 0.6466530561447144
 0.6700041890144348
 0.6534867882728577
 0.6768074035644531
 0.6669101119041443
 0.6440904140472412
 0.6502729058265686
 0.6518260836601257
 0.6723703742027283
 0.633728563785553
 0.6536996364593506
 0.6526781320571899
 0.6460046172142029
 0.6456341743469238
 0.6283956170082092
 0.6279205083847046
 0.6651611328125
 0.6640114784240723
 0.6153042316436768
 0.668396532535553
 0.6520097851753235
 0.6440768241882324
 0.6506439447402954
 0.6273188591003418
 0.6352370381355286
 0.6355625987052917
 0.6287283897399902
 0.6366118788719177
 0.6097919940948486
 0.6029492616653442
 0.6286628842353821
 0.620786190032959
 0.6818371415138245
 0.6215691566467285
 0.6654161214828491
 0.6396724581718445
 0.6408953666687012
 0.6337282061576843
 0.6313326358795166
 0.6289156079292297
 0.6664637923240662
 0.62022864818573
 0.6258903741836548
 0.6307928562164307
 0.645183265209198
 0.6368849277496338
 0.6324470639228821
 0.6410233974456787
 0.6123639345169067
 0.6198642253875732
 0.6286654472351074
 0.6699099540710449
 0.6049914360046387
 0.6484671831130981
 0.6080437302589417
 0.6214995980262756
 0.6252137422561646
 0.6120549440383911
 0.6049742698669434
 0.5772301554679871
 0.5839086771011353
 0.6230718493461609
 0.6598007678985596
 0.5965694189071655
 0.6191588640213013
 0.6059866547584534
 0.5964553952217102
 0.5930700302124023
 0.6101298332214355
 0.6244574189186096
 0.5956088900566101
 0.6201923489570618
 0.5910500884056091
 0.6033498644828796
 0.5935384631156921
 0.6079049110412598
 0.5782872438430786
 0.5758268237113953
 0.5928264856338501
 0.5691654682159424
 0.581613302230835
 0.5963224172592163
 0.5664891600608826
 0.5696852207183838
 0.5546233057975769
 0.547956645488739
 0.5842165946960449
 0.6058762669563293
 0.5869739055633545
 0.6002337336540222
 0.5974035263061523
 0.5781271457672119
 0.5681496262550354
 0.5441710352897644
 0.5680862069129944
 0.5544432401657104
 0.6299207210540771
 0.6170070767402649
 0.5720971822738647
 0.5804473757743835
 0.5889281630516052
 0.6095949411392212
 0.5355925559997559
 0.5575181841850281
 0.6032118797302246
 0.5482544898986816
 0.5738789439201355
 0.5926032066345215
 0.5884881019592285
 0.5636903643608093
 0.5344087481498718
 0.5975390076637268
 0.5647361278533936
 0.6010208129882812
 0.5459799766540527
 0.5843662023544312
 0.5795143246650696
 0.5469412803649902
 0.5873021483421326
 0.5623409152030945
 0.4784773588180542
 0.5662466287612915
 0.5628737807273865
 0.5418714284896851
 0.5667985677719116
 0.5797215104103088
 0.5185888409614563
 0.543541669845581
 0.5670888423919678
 0.49646949768066406
 0.5498003363609314
 0.541157603263855
 0.5813239812850952
 0.5413035750389099
 0.5058155655860901
 0.5064631104469299
 0.6064676642417908
 0.5161742568016052
 0.5844959020614624
 0.533301591873169
 0.5296462178230286
 0.5298228859901428
 0.5135084390640259
 0.5621618628501892
 0.5374432802200317
 0.5209988951683044
 0.5269132852554321
 0.508068323135376
 0.5340436100959778
 0.5327669382095337
 0.4745083153247833
 0.5326544046401978
 0.5255446434020996
 0.5170191526412964
 0.5050466060638428
 0.5003423094749451
 0.5027620196342468
 0.4895557761192322
 0.49920594692230225
 0.490439772605896
 0.5013075470924377
 0.4920156002044678
 0.48235884308815
 0.47650811076164246
 0.4502404034137726
 0.477319598197937
 0.43393176794052124
 0.4615181088447571
 0.38780903816223145
 0.4557434022426605
 0.43137723207473755
 0.4118024706840515
 0.4357490837574005
 0.38623806834220886
 0.4235340356826782
 0.36745768785476685
 0.3677891790866852
 0.3949252665042877
 0.36354899406433105
 0.3361146152019501
 0.3375414311885834
 0.34974291920661926
 0.3532058298587799
 0.3355480134487152
 0.3120926320552826
 0.32516753673553467
 0.3314726948738098
 0.3485829830169678
 0.32719600200653076
 0.30384913086891174
 0.328541100025177
 0.3003700375556946
 0.28706303238868713
 0.31491973996162415
 0.29266834259033203
 0.29701554775238037
 0.2700723111629486
 0.2970421612262726
 0.27328789234161377
 0.26468953490257263
 0.2726191282272339
 0.27069878578186035
 0.25141704082489014
 0.25485503673553467
 0.2583950459957123
 0.2618517577648163
 0.24817441403865814
 0.3068307936191559
 0.25431859493255615
 0.2884369194507599
 0.2562447488307953
 0.24802619218826294
 0.30399730801582336
 0.2390238344669342
 0.24161170423030853
 0.22761160135269165
 0.22822795808315277
 0.24027395248413086
 0.23071293532848358
 0.24218374490737915
 0.21797767281532288
 0.23175036907196045
 0.22728414833545685
 0.2171677052974701
 0.24643415212631226
 0.2140725553035736
 0.27509692311286926
 0.22898155450820923
 0.21488964557647705
 0.2248675674200058
 0.18636927008628845
 0.21274328231811523
 0.21173682808876038
 0.19937492907047272
 0.22087647020816803
 0.17687192559242249
 0.2516641914844513
 0.20355510711669922
 0.21349579095840454
 0.22700218856334686
 0.1793980449438095
 0.209782674908638
 0.21445129811763763
 0.19396556913852692
 0.18958662450313568
 0.17028026282787323
 0.1894458532333374
 0.16971111297607422
 0.1635979413986206
 0.1573437601327896
 0.16419123113155365
 0.1885106861591339
 0.16161073744297028
 0.1638198047876358
 0.16090840101242065
 0.16025865077972412
 0.14190998673439026
 0.1588442027568817
 0.15065543353557587
 0.15671640634536743
 0.1594703197479248
 0.1570863425731659
 0.15113390982151031
 0.15799173712730408
 0.1515192687511444
 0.14271239936351776
 0.1333024650812149
 0.14769552648067474
 0.14554953575134277
 0.1424073725938797
 0.14994248747825623
 0.13793957233428955
 0.12379440665245056
 0.13274753093719482
 0.13586820662021637
 0.12418492138385773
 0.1547640711069107
 0.11931619793176651
 0.15753212571144104
 0.12729959189891815
 0.13527189195156097
 0.14395266771316528
 0.14544087648391724
 0.11498598754405975
 0.12015566229820251
 0.109111487865448
 0.11805459856987
 0.12005295604467392
 0.12625010311603546
 0.11424722522497177
 0.1065760999917984
 0.11985179781913757
 0.11230742186307907
 0.10892382264137268
 0.10171264410018921
 0.12973640859127045
 0.09593401104211807
 0.09704479575157166
 0.09423652291297913
 0.0937025174498558
 0.10472920536994934
 0.10638697445392609
 0.10465332120656967
 0.09087725728750229
 0.09041471779346466
 0.0889323353767395
 0.09298744797706604
 0.1009029671549797
 0.10835074633359909
 0.12191912531852722
 0.09183497726917267
 0.0955720841884613
 0.10689116269350052
 0.08793509751558304
 0.10743437707424164
 0.09887873381376266
 0.08905403316020966
 0.11112198978662491
 0.07460887730121613
 0.12261781096458435
 0.08590976893901825
 0.0867030993103981
 0.10351480543613434
 0.06682994961738586
 0.17336076498031616
 0.07457001507282257
 0.136757493019104
 0.08369667083024979
 0.0987452045083046
 0.09899182617664337
 0.0665692687034607
 0.09514433890581131
 0.08207903802394867
 0.10028477758169174
 0.07006078958511353
 0.07380813360214233
 0.0767732784152031
 0.07400641590356827
 0.0753205344080925
 0.08126125484704971
 0.07358571887016296
 0.08192876726388931
 0.06859590858221054
 0.0812365934252739
 0.06702623516321182
 0.06568863987922668
 0.06550674140453339
 0.06700173020362854
 0.0668884888291359
 0.06171589344739914
 0.06705395877361298
 0.0632687509059906
 0.06444490700960159
 0.07188637554645538
 0.06726764887571335
 0.07233104854822159
 0.06709911674261093
 0.06183682754635811
 0.059717144817113876
 0.07694157212972641
 0.054032813757658005
 0.05833464488387108
 0.05875302851200104
 0.054128438234329224
 0.04950137436389923
 0.06779702007770538
 0.062423888593912125
 0.06699351966381073
 0.06016472727060318
 0.0567566342651844
 0.055322278290987015
 0.05391028895974159
 0.053106408566236496
 0.05963600054383278
 0.050949934870004654
 0.05134887993335724
 0.0531805120408535
 0.05540578439831734
 0.05533928424119949
 0.06574642658233643
 0.054403677582740784
 0.06069601699709892
 0.05552806332707405
 0.05323626101016998
 0.06089012324810028
 0.05039694905281067
 0.047271180897951126
 0.06969735771417618
 0.04054110869765282
 0.05701269209384918
 0.051574286073446274
 0.0494578592479229
 0.05007285997271538
 0.04922042042016983
 0.045773692429065704
 0.04842119291424751
 0.04763440042734146
 0.047978125512599945
 0.04589957371354103
 0.039808329194784164
 0.051471780985593796
 0.04261767491698265
 0.058084048330783844
 0.03901029750704765
 0.043243084102869034
 0.043953076004981995
 0.036969948559999466
 0.06054055690765381
 0.04398254305124283
 0.04833955317735672
 0.04794534295797348
 0.03658938407897949
 0.04161978140473366
 0.04826951399445534
 0.035643164068460464
 0.043749723583459854
 0.03828224167227745
 0.03428690508008003
 0.05118245631456375
 0.037991125136613846
 0.038557663559913635
 0.04379337653517723
 0.036205925047397614
 0.03259986639022827
 0.033965472131967545
 0.0386807806789875
 0.032890282571315765
 0.034843139350414276
 0.03464774414896965
 0.03504650294780731
 0.047280922532081604
 0.038948241621255875
 0.03443640097975731
 0.04303580895066261
 0.0392487570643425
 0.03375140205025673
 0.03025200590491295
 0.036430247128009796
 0.031519487500190735
 0.03556103631854057
 0.03537891060113907
 0.03676145151257515
 0.031355902552604675
 0.03388775885105133
 0.03445901721715927
 0.03304186463356018
 0.036034852266311646
 0.03448738157749176
 0.032193463295698166
 0.034967683255672455
 0.031054871156811714
 0.03198327124118805
 0.029601020738482475
 0.029067927971482277
 0.02780270390212536
 0.03954223543405533
 0.026759197935461998
 0.03009537234902382
 0.031607579439878464
 0.03447551280260086
 0.026505030691623688
 0.029857276007533073
 0.02843073569238186
 0.030189063400030136
 0.02818818762898445
 0.02839827351272106
 0.0296733807772398
 0.026309702545404434
 0.02777559496462345
 0.027141321450471878
 0.025715822353959084
 0.03106413036584854
 0.03134191036224365
 0.029028506949543953
 0.029096418991684914
 0.022362325340509415
 0.03499880060553551
 0.03985318914055824
 0.025348389521241188
 0.039276596158742905
 0.023396583274006844
 0.03990086540579796
 0.026674991473555565
 0.027238843962550163
 0.03497333452105522
 0.024158969521522522
 0.02097289264202118
 0.032492898404598236
 0.029380593448877335
 0.028074128553271294
 0.03527330979704857
 0.02604382485151291
 0.036064717918634415
 0.02678448148071766
 0.02734116092324257
 0.03563685715198517
 0.02454310469329357
 0.02736666053533554
 0.02682609111070633
 0.022346653044223785
 0.022581499069929123
 0.026597660034894943
 0.024798808619379997
 0.02513873763382435
 0.027813317254185677
 0.0239460039883852
 0.027131469920277596
 0.026511890813708305
 0.026967579498887062
 0.020456530153751373
 0.022909700870513916
 0.02575225569307804
 0.02446795627474785
 0.019077632576227188
 0.01899135112762451
 0.028492620214819908
 0.016997575759887695
 0.022638874128460884
 0.019957812502980232
 0.019806113094091415
 0.028821708634495735
 0.02384333126246929
 0.01892750896513462
 0.026408197358250618
 0.01954692415893078
 0.019566819071769714
 0.017371322959661484
 0.017787717282772064
 0.020435955375432968
 0.019504230469465256
 0.024626774713397026
 0.019154664129018784
 0.019693581387400627
 0.020028796046972275
 0.020119043067097664
 0.017639068886637688
 0.019876357167959213
 0.0165152195841074
 0.0151365352794528
 0.02068246155977249
 0.023929273709654808
 0.019261689856648445
 0.021781714633107185
 0.020069733262062073
 0.017050713300704956
 0.018124593421816826
 0.020410452038049698
 0.017350414767861366
 0.0169975683093071
 0.019666332751512527
 0.01353408768773079
 0.02346973493695259
 0.021806655451655388
 0.018373146653175354
 0.025722114369273186
 0.019316108897328377
 0.013783765025436878
 0.025148125365376472
 0.0178048275411129
 0.015908798202872276
 0.022152042016386986
 0.01603117771446705
 0.020416652783751488
 0.022823376581072807
 0.018879961222410202
 0.020695045590400696
 0.02249792404472828
 0.01634812541306019
 0.022987205535173416
 0.019480999559164047
 0.01730118691921234
 0.018262667581439018
 0.02216433733701706
 0.012421992607414722
 0.014059574343264103
 0.03853505477309227
 0.017505411058664322
 0.034871503710746765
 0.02069229632616043
 0.01625981368124485
 0.022252408787608147
 0.02578328177332878
 0.014116862788796425
 0.025398636236786842
 0.01716744713485241
 0.011754607781767845
 0.03446858003735542
 0.011669210158288479
 0.011254698969423771
 0.021432699635624886
 0.015542097389698029
 0.011794047430157661
 0.01594492606818676
 0.01865716092288494
 0.011572247371077538
 0.015656335279345512
 0.018372688442468643
 0.011622619815170765
 0.01840362697839737
 0.019056452438235283
 0.014065218158066273
 0.016209952533245087
 0.02225305885076523
 0.011334104463458061
 0.023639993742108345
 0.01770685613155365
 0.016159847378730774
 0.018592892214655876
 0.018597545102238655
 0.011881981045007706
 0.0167990829795599
 0.02002543956041336
 0.016015540808439255
 0.014615730382502079
 0.024438142776489258
 0.01419825665652752
 0.011794528923928738
 0.03210059553384781
 0.01083418633788824
 0.01851802133023739
 0.01773133873939514
 0.010629573836922646
 0.013609647750854492
 0.017588883638381958
 0.014057866297662258
 0.012572195380926132
 0.015937091782689095
 0.012064117006957531
 0.015768645331263542
 0.013059049844741821
 0.01125950738787651
 0.012053805403411388
 0.0120987044647336
 0.011852316558361053
 0.011876340955495834
 0.011471620760858059
 0.009433708153665066
 0.012093806639313698
 0.013734954409301281
 0.012203779071569443
 0.013619434088468552
 0.011317330412566662
 0.012449038214981556
 0.014480083249509335
 0.011964445933699608
 0.011836713179945946
 0.012361953034996986
 0.012351090088486671
 0.010750807821750641
 0.009466567076742649
 0.008428179658949375
 0.013674498535692692
 0.00928526185452938
 0.00889596901834011
 0.010388490743935108
 0.010273520834743977
 0.01235703844577074
 0.010919000953435898
 0.010816629976034164
 0.0098649300634861
 0.008797998540103436
 0.010971762239933014
 0.014037897810339928
 0.008796381764113903
 0.008546053431928158
 0.011632918380200863
 0.011211228556931019
 0.0076889777556061745
 0.012697434052824974
 0.013060415163636208
 # Final loss: 0.010442384865076747     Test Accuracy: 100.0% in 2000 test samples.