# Loss list of MNIST per batch 
 0.6961996555328369
 0.687052309513092
 0.6927868723869324
 0.6871251463890076
 0.6736226677894592
 0.6685773730278015
 0.6711161732673645
 0.6606336236000061
 0.6535711884498596
 0.6381926536560059
 0.6476566791534424
 0.644091784954071
 0.6332080364227295
 0.6238943338394165
 0.6171931028366089
 0.6038652658462524
 0.5827717185020447
 0.5754786133766174
 0.5814480781555176
 0.5794645547866821
 0.5700384378433228
 0.5690249800682068
 0.5505350232124329
 0.5430914163589478
 0.5342999696731567
 0.5345098376274109
 0.5336292386054993
 0.4980151057243347
 0.5048621892929077
 0.5039570331573486
 0.4783467948436737
 0.4690096974372864
 0.4684278964996338
 0.46787574887275696
 0.4565576910972595
 0.4357539415359497
 0.40159401297569275
 0.3860412538051605
 0.3832119107246399
 0.36091312766075134
 0.3529354929924011
 0.3511914312839508
 0.3132006525993347
 0.34506016969680786
 0.34615111351013184
 0.30542245507240295
 0.2798319160938263
 0.3020688593387604
 0.27396878600120544
 0.24050994217395782
 0.25325724482536316
 0.19827084243297577
 0.22457407414913177
 0.23822659254074097
 0.19606707990169525
 0.18373148143291473
 0.1627390831708908
 0.17796939611434937
 0.15553370118141174
 0.15563929080963135
 0.13268503546714783
 0.13212722539901733
 0.14010044932365417
 0.1350528597831726
 0.11626295745372772
 0.0890425518155098
 0.09728353470563889
 0.09686732292175293
 0.07930832356214523
 0.06947816163301468
 0.08488090336322784
 0.08196523785591125
 0.07324515283107758
 0.07275506108999252
 0.07141423225402832
 0.05727476626634598
 0.06526799499988556
 0.04866437613964081
 0.03711498901247978
 0.03914952650666237
 0.035948947072029114
 0.031248068436980247
 0.050286222249269485
 0.02647200971841812
 0.05151757225394249
 0.018967265263199806
 0.025121154263615608
 0.01593734323978424
 0.021202342584729195
 0.051064588129520416
 0.019149860367178917
 0.01747724786400795
 0.020647475495934486
 0.022072814404964447
 0.010813967324793339
 0.011094258166849613
 0.020737338811159134
 0.011381018906831741
 0.009784754365682602
 0.011908985674381256
 0.010996389202773571
 0.014037166722118855
 0.007048041094094515
 0.008046306669712067
 0.010330227203667164
 0.011930759996175766
 0.025490088388323784
 0.011316529475152493
 0.01025268342345953
 0.01611946150660515
 0.00715226074680686
 0.009734739549458027
 0.01537905540317297
 0.04820949211716652
 0.01071545947343111
 0.028445236384868622
 0.015064042992889881
 0.007335699629038572
 0.029552273452281952
 0.032731618732213974
 0.012790460139513016
 0.043452583253383636
 0.020430732518434525
 0.008477114140987396
 0.008296556770801544
 0.007938595488667488
 0.035719238221645355
 0.0059314630925655365
 0.004784057382494211
 0.005185483489185572
 0.004556541331112385
 0.01670926995575428
 0.003976576495915651
 0.004880508407950401
 0.02177564427256584
 0.00868898443877697
 0.003349520266056061
 0.004332339391112328
 0.0076651806011796
 0.004219469614326954
 0.006317336577922106
 0.003574361791834235
 0.005876247305423021
 0.010599752888083458
 0.004573109559714794
 0.013745716772973537
 0.01940777339041233
 0.00330210174433887
 0.0029403537046164274
 0.0023246018681675196
 0.003154862904921174
 0.004446661565452814
 0.003947474528104067
 0.0022911017294973135
 0.017133325338363647
 0.0026174974627792835
 0.0040575433522462845
 0.003238678677007556
 0.002276692306622863
 0.002167455153539777
 0.003698664950206876
 0.0057012117467820644
 0.0020008613355457783
 0.0030988184735178947
 0.002981365891173482
 0.006578698288649321
 0.004129952751100063
 0.011245211586356163
 0.002260825363919139
 0.0020680793095380068
 0.0037825487088412046
 0.0033473162911832333
 0.0021848133765161037
 0.045452799648046494
 0.003345317905768752
 0.0029425749089568853
 0.0018504885956645012
 0.046834662556648254
 0.0045056696981191635
 0.009157656691968441
 0.002687258180230856
 0.0025464938953518867
 0.003913566470146179
 0.002929689595475793
 0.0025259600952267647
 0.013655457645654678
 0.0025460266042500734
 0.002974053844809532
 0.029300380498170853
 0.0024100278969854116
 0.0022620356176048517
 0.002526497235521674
 0.0014784864615648985
 0.0026862374506890774
 0.0022754953242838383
 0.0019612954929471016
 0.0012229371350258589
 0.0036431944463402033
 0.025516869500279427
 0.0024755976628512144
 0.002209874102845788
 0.002600347623229027
 0.0028029573149979115
 0.001209950540214777
 0.006619261112064123
 0.005815302953124046
 0.0017555238446220756
 0.0017340314807370305
 0.02497345767915249
 0.0017217062413692474
 0.003128530690446496
 0.003140469780191779
 0.0011794725432991982
 0.003496815450489521
 0.0021538506262004375
 0.012000747956335545
 0.0015140525065362453
 0.0017901207320392132
 0.00222450727596879
 0.01625618152320385
 0.0021110191009938717
 0.002870778786018491
 0.009557007811963558
 0.0016730017960071564
 0.001161061110906303
 0.008634690195322037
 0.0012609537225216627
 0.00321620493195951
 0.012594860978424549
 0.0013848107773810625
 0.0020087123848497868
 0.001110732788220048
 0.0008685392094776034
 0.002426893450319767
 0.001195418182760477
 0.002038786420598626
 0.0008930973126552999
 0.00208396278321743
 0.030560102313756943
 0.003698378801345825
 0.0008177686249837279
 0.0014662817120552063
 0.0023078746162354946
 0.0017583253793418407
 0.027226053178310394
 0.004877970088273287
 0.0015108409570530057
 0.0011837163474410772
 0.0056695155799388885
 0.0015546665526926517
 0.0010664818109944463
 0.0009028618806041777
 0.0025102398358285427
 0.0019848973024636507
 0.002028845017775893
 0.001060527516528964
 0.003292206209152937
 0.0011892571346834302
 0.0029017555061727762
 0.0013712213840335608
 0.002579360269010067
 0.0019020484760403633
 0.0008957995451055467
 0.0014203041791915894
 0.020993439480662346
 0.0010300541762262583
 0.05510168895125389
 0.0009134932770393789
 0.0007460346096195281
 0.019936658442020416
 0.003540818113833666
 0.0010232734493911266
 0.0055593466386199
 0.0008514166111126542
 0.0009089104132726789
 0.008866937831044197
 0.0030045723542571068
 0.0010464333463460207
 0.0016024657525122166
 0.0008216223795898259
 0.01682121679186821
 0.0007812556577846408
 0.002790450816974044
 0.000997498631477356
 0.03975052386522293
 0.0008936353260651231
 0.0013998911017552018
 0.017667725682258606
 0.0008663929183967412
 0.001005630474537611
 0.0013302357401698828
 0.004531222861260176
 0.0007560756639577448
 0.006388229783624411
 0.012133125215768814
 0.0014481176622211933
 0.0008641580352559686
 0.005025435704737902
 0.006817202549427748
 0.0011489888420328498
 0.006139195524156094
 0.0031454735435545444
 0.0017026307759806514
 0.005338419694453478
 0.001445597386918962
 0.0011246278882026672
 0.0013598132645711303
 0.0012288213474676013
 0.0006871327059343457
 0.0009053690591827035
 0.0006543866475112736
 0.0014120562700554729
 0.0012069750810042024
 0.014979638159275055
 0.0007540176156908274
 0.000679929624311626
 0.0006502004689536989
 0.0019431713735684752
 0.0008261728216893971
 0.0008023271802812815
 0.0008963242289610207
 0.0006486174534074962
 0.0006562593043781817
 0.0024586517829447985
 0.0019706592429429293
 0.0007559945224784315
 0.0010121603263542056
 0.0008876214269548655
 0.0006188113475218415
 0.0011328543769195676
 0.003915347624570131
 0.0011011525057256222
 0.0007468023104593158
 0.01433893945068121
 0.0006618128973059356
 0.0008166300249285996
 0.0007113429019227624
 0.0015758622903376818
 0.0008003366529010236
 0.0014303246280178428
 0.0019582125823944807
 0.004622128326445818
 0.001992731122300029
 0.051800213754177094
 0.0005413057515397668
 0.0007679729023948312
 0.00047380613978020847
 0.01146657019853592
 0.0005442078690975904
 0.0004688431799877435
 0.00031322610448114574
 0.0005763516528531909
 0.0005512170610018075
 0.0011085632722824812
 0.0006161365890875459
 0.0008961439598351717
 0.00045816830242983997
 0.0007445737719535828
 0.0009132091072387993
 0.0005937418900430202
 0.0006015045801177621
 0.0019982054363936186
 0.0009504720801487565
 0.0006723466794937849
 0.00786096602678299
 0.010749067179858685
 0.010587714612483978
 0.0015441598370671272
 0.0005233597476035357
 0.0007947952835820615
 0.013601703569293022
 0.0032401084899902344
 0.0005996619001962245
 0.002455082954838872
 0.004725871607661247
 0.012217020615935326
 0.000721692806109786
 0.0009027664200402796
 0.0022470566909760237
 0.0006664874381385744
 0.000747368554584682
 0.00864939484745264
 0.0009812988573685288
 0.007631505839526653
 0.0005796941113658249
 0.00045403835247270763
 0.00031059785396791995
 0.00048523538862355053
 0.000509131234139204
 0.0008807118865661323
 0.0003174157754983753
 0.0016131859738379717
 0.0007169997552409768
 0.0003672114689834416
 0.002941550686955452
 0.0005308425170369446
 0.0005895356298424304
 0.0019059893675148487
 0.00044398088357411325
 0.0005385151016525924
 0.0008008956792764366
 0.0032148754689842463
 0.0003522979386616498
 0.00042652024421840906
 0.001739145489409566
 0.003944884054362774
 0.0004098854842595756
 0.00038109280285425484
 0.00037954997969791293
 0.0004199515387881547
 0.0004265369789209217
 0.055878859013319016
 0.0004694017698056996
 0.0019092665752395988
 0.0002538422995712608
 0.0006399371195584536
 0.00044891826109960675
 0.00043030575034208596
 0.0004628118476830423
 0.00037803195300512016
 0.0006577278836630285
 0.00209985114634037
 0.0003086266224272549
 0.0007129581063054502
 0.0004395284631755203
 0.0006849010242149234
 0.00039078143890947104
 0.000519172172062099
 0.015678254887461662
 0.000564627000130713
 0.00024400815891567618
 0.0008923108107410371
 0.0014376998879015446
 0.00045775790931656957
 0.015600558370351791
 0.0004884671652689576
 0.0007055036840029061
 0.0016493034781888127
 0.00031005757045932114
 0.0012067246716469526
 0.0006073444965295494
 0.00048823855468071997
 0.010288406163454056
 0.002543722279369831
 0.0006325883441604674
 0.0005750532727688551
 0.0006623071385547519
 0.00045164968469180167
 0.0006971948314458132
 0.00031173310708254576
 0.0006023096502758563
 0.001070406404323876
 0.00627178093418479
 0.0006056364509277046
 0.0006265962147153914
 0.0005126273026689887
 0.0004512697923928499
 0.0005398524808697402
 0.0012254239991307259
 0.001303817960433662
 0.0006845309399068356
 0.0012558235321193933
 0.0003487848152872175
 0.0004081991210114211
 0.007644996512681246
 0.00038908611168153584
 0.0005592007073573768
 0.03622492775321007
 0.02092714048922062
 0.003535736817866564
 0.00033838997478596866
 0.0003176806785631925
 0.0004039237683173269
 0.0004998905351385474
 0.0004022052453365177
 0.00041906951810233295
 0.005909217521548271
 0.0005141834262758493
 0.0009724452393129468
 0.0005232474068179727
 0.010256819427013397
 0.0006883313762955368
 0.000311842595692724
 0.0022415160201489925
 0.0007833490381017327
 0.0006080290186218917
 0.0006247777491807938
 0.0004504105309024453
 0.016809560358524323
 0.0003071757382713258
 0.0004006775561720133
 0.00034543900983408093
 0.0009230279247276485
 0.0003485842898953706
 0.0013355559203773737
 0.0006773796631023288
 0.0008494422654621303
 0.0001929464633576572
 0.0003835636016447097
 0.0003145008522551507
 0.0004612590419128537
 0.0005102598806843162
 0.00031885664793662727
 0.0003577917523216456
 0.00010577891225693747
 0.0003524411004036665
 0.004735240712761879
 0.0003262674727011472
 0.0006541794282384217
 0.0008400994702242315
 0.04985551908612251
 0.0002761372597888112
 0.0009156745509244502
 0.001332206535153091
 0.0002943323052022606
 0.019683431833982468
 0.00042051670607179403
 0.0006651101866737008
 0.0004892278811894357
 0.00048791654990054667
 0.0010253479704260826
 0.0004335519333835691
 0.00024663624935783446
 0.0016202159458771348
 0.0003407290205359459
 0.0013436460867524147
 0.005840357393026352
 0.0004454914596863091
 0.000161278250743635
 0.0047913515008986
 0.000270702934358269
 0.0002810320584103465
 0.0009700948721729219
 0.00016405154019594193
 0.0003331470361445099
 0.0007681784918531775
 0.0021364425774663687
 0.00033756575430743396
 0.00032198510598391294
 0.0004998104413971305
 0.0015343640698119998
 0.00027910605422221124
 0.0006800046539865434
 0.00030749174766242504
 0.0075313192792236805
 0.003269920591264963
 0.0006572532583959401
 0.0031367058400064707
 0.0012281452072784305
 0.00032804132206365466
 0.00029106898000463843
 0.0008372617303393781
 0.000267674564383924
 0.00019286543829366565
 0.0001564875856274739
 0.0006172771099954844
 0.001445759437046945
 0.0005224395426921546
 0.0003358642279636115
 0.0002802175877150148
 0.0003731968754436821
 0.00029361984343267977
 0.0003232880262658
 0.00022249663015827537
 0.00043288609595037997
 0.0011651855893433094
 0.0002339455677429214
 0.0022947846446186304
 0.0014221742749214172
 0.0001614192733541131
 0.0005578368436545134
 0.0006291756872087717
 0.0002492475032340735
 0.00020671010133810341
 0.00020203944586683065
 0.00017913123883772641
 0.0003307808074168861
 0.0002026409492827952
 0.00047090527368709445
 0.00017813453450798988
 0.00022678049572277814
 0.0003259111545048654
 0.00019451048865448684
 0.00023149703338276595
 0.00015301178791560233
 0.00015631811402272433
 0.00022298144176602364
 0.0002772085426840931
 0.0001584569545229897
 0.00027553143445402384
 0.0007137955981306732
 0.0004362344625405967
 0.00018582424672786146
 0.0006580337649211287
 0.0008700651815161109
 0.00046647991985082626
 0.006830153521150351
 0.00019190805323887616
 0.00019864605565089732
 0.0002471939951647073
 0.002935933880507946
 0.0003536547301337123
 0.000808168959338218
 0.006664755754172802
 0.0002950117050204426
 0.00025767215993255377
 0.0011435513151809573
 0.0002646265784278512
 0.0001592372136656195
 0.0002713050926104188
 0.00021364174608606845
 0.0005213878466747701
 0.00022641920077148825
 0.00031895432039164007
 0.00048610378871671855
 0.05625566840171814
 0.0002998121490236372
 0.013654437847435474
 0.0016977495979517698
 0.0008667938527651131
 0.0008041022229008377
 0.00022726367751602083
 0.0005376695189625025
 0.00023363145010080189
 0.0004526012053247541
 0.0004376604047138244
 0.005714819300919771
 0.0044100177474319935
 0.0002330818970222026
 0.00023375959426630288
 0.0011224671034142375
 0.0003246236592531204
 0.0004073995223734528
 0.005909483414143324
 0.0029725690837949514
 0.000310539297061041
 0.0037407970521599054
 0.00015933631220832467
 0.00027574956766329706
 0.001974056474864483
 0.0005441771354526281
 0.006605267524719238
 0.0010948858689516783
 0.006670171394944191
 0.0001532157912151888
 0.00015790772158652544
 0.0003637733170762658
 0.0007286020554602146
 0.018278885632753372
 0.0017109927721321583
 0.0016239675460383296
 0.00033601734321564436
 0.0001611229236004874
 0.00012595081352628767
 0.0004620995023287833
 0.006808769889175892
 0.00019932766736019403
 0.0010416219010949135
 0.0002506302553229034
 0.0002678444143384695
 0.045235585421323776
 0.0007003203500062227
 0.00020718747691717
 0.0002088383916998282
 0.00030810688622295856
 0.0003551715926732868
 0.00045316285104490817
 0.0001565365237183869
 0.0002626038040034473
 0.00032690842635929585
 0.0030583711341023445
 0.00024151112302206457
 0.0002511363127268851
 0.00304874568246305
 0.0002286466769874096
 0.0002309016272192821
 0.00021678314078599215
 0.00033209830871783197
 0.00034692787448875606
 0.00029599491972476244
 0.00018956766871269792
 0.0009265568805858493
 0.000790851772762835
 0.00019989971769973636
 0.00026576785603538156
 0.00032787295640446246
 0.00020181445870548487
 0.001198703539557755
 0.0001962520182132721
 0.0002675209834706038
 0.0002115281531587243
 0.00025034838472492993
 0.0002701444609556347
 0.001078157452866435
 0.00033993483521044254
 0.0008506634621880949
 0.0002476018853485584
 0.00018227164400741458
 0.0004173348133917898
 0.001084748888388276
 0.000573239813093096
 0.00025905235088430345
 0.00011625532351899892
 0.003360919887199998
 0.0005821342347189784
 0.00024886991013772786
 0.0003027455531992018
 0.00040462191100232303
 0.0005851277965120971
 0.002841221634298563
 8.066438749665394e-05
 0.000229182856855914
 0.00020452722674235702
 0.00013735992251895368
 0.0001246297179022804
 0.0002829701406881213
 0.0014728365931659937
 0.00078951584873721
 0.00015019056445453316
 0.00012475864787120372
 0.0001515862822998315
 0.0002685320796445012
 0.00021333395852707326
 0.0008974391384981573
 0.00016131464508362114
 0.0002259267494082451
 0.0005930718616582453
 0.0002176141570089385
 0.0015450804494321346
 9.713311737868935e-05
 0.0004453688161447644
 0.00020866616978310049
 9.9763143225573e-05
 0.0002255552972201258
 0.0002412781905150041
 0.00016917256289161742
 0.00011031991016352549
 0.00010040359484264627
 0.037836506962776184
 0.0005716523737646639
 0.0005154544487595558
 0.0038971772883087397
 0.00024014728842303157
 0.00014996105164755136
 0.000583868648391217
 0.0018899133428931236
 0.00016700205742381513
 6.569620018126443e-05
 0.002450512954965234
 0.0007418872555717826
 0.00029380302294157445
 0.0006250967853702605
 0.00029640301363542676
 0.00020802933431696147
 0.0005057197413407266
 0.00013050346751697361
 0.00021917368576396257
 0.0002872940094675869
 7.302263838937506e-05
 0.0008931268821470439
 0.00022924039512872696
 0.00045965969911776483
 0.0035369747783988714
 0.000524400151334703
 0.0007080206414684653
 0.0001650412450544536
 0.00016682548448443413
 0.00013194145867601037
 8.979041740531102e-05
 0.00048015863285399973
 0.00020777323516085744
 0.000108501008071471
 0.0001748100621625781
 0.0006389676709659398
 0.00016254423826467246
 0.0009432806982658803
 0.00030372414039447904
 0.00542913842946291
 0.00026377325411885977
 0.00023665250046178699
 0.0001398174645146355
 0.00035787210799753666
 0.0022962128277868032
 0.0002601943851914257
 0.0001652798819122836
 0.0001600597461219877
 0.00018464666209183633
 0.0002469118044245988
 0.0008543053991161287
 0.0006108680972829461
 0.0002663521154318005
 0.007668923586606979
 0.00017965784354601055
 0.0004183597629889846
 8.301636262331158e-05
 0.00024607329396530986
 0.00037450192030519247
 0.00013262331776786596
 0.00020920150564052165
 0.00025615576305426657
 # Final loss: 0.0018404299218250306     Test Accuracy: 99.95% in 1980 test samples.